                                        (0,6), (0,7), (0,8),
                                        (1,6),        (1,8),
                                        (2,6),        (2,8),
                                        (3,6),        (3,8),
                                        (4,6),        (4,8),
                                        (5,6),        (5,8),
(6,0), (6,1),(6,2), (6,3), (6,4), (6,5),                  (6,9), (6,10), (6,11), (6,12), (6,13), (6,14),
(7,0),                                                                                            (7,14),
(8,0), (8,1), (8,2), (8,3), (8,4), (8,5),                  (8,9), (8,10), (8,11), (8,12), (8,13),(8,14),
                                        (9,6),          (9,8),
                                        (10,6),         (10,8),
                                        (11,6),         (11,8),
                                        (12,6),         (12,8),
                                        (13,8),         (13,8),
                                        (14,6), (14,7), (14,8)


(0,6), (0,7), (0,8),(1,8),(2,8),(3,8),(4,8),(5,8),(6,9), (6,10), (6,11), (6,12), (6,13), (6,14), (7,14),(8,14),(8,13),(8,12),(8,11),(8,10), (8,9),(9,8),(10,8),(11,8),
(12,8),(13,8),(14,8),(14,7), (14,6),(13,8),(12,6),(11,6),(10,6),(9,6), (8,5),(8,4),(8,3), (8,2), (8,1), (8,0), (7,0),(6,0), (6,1),(6,2), (6,3), (6,4), (6,5), (5,6), (4,6), 
(3,6),(2,6),(1,6), 